;masse A;;
t;x;y;
0,000;-1,972;-15,24
0,033;-3,235;-7,825
0,067;-5,494;-0,391
0,100;-8,436;6,984
0,133;-12,57;13,41
0,166;-16,83;18,95
0,200;-18,08;25,04
0,233;-22,39;34,61
0,266;-25,81;45,08
0,300;-29,03;57,45
0,333;-30,84;70,45
0,366;-31,95;83,66
0,399;-32,57;98,46
0,433;-33,83;113,7
0,466;-33,71;128,7
0,499;-32,86;144,9
0,533;-31,47;162,1
0,566;-29,05;181,3
0,599;-24,79;202,2
0,633;-19,94;225,4
0,666;-13,43;249,9
0,699;-5,827;274,7
0,732;1,402;300,7
0,766;9,479;326,8
0,799;17,35;352,1
0,832;26,58;376,6
0,866;36,84;399,9
0,899;47,28;422,2
0,932;58,44;442,9
0,965;70,00;462,2
0,999;81,84;480,6
1,032;93,48;499,1
1,065;104,5;516,9
1,099;115,5;534,5
1,132;126,9;551,4
1,165;138,7;567,9
1,198;150,4;583,4
1,232;162,8;597,2
1,265;175,2;610,1
1,298;187,3;621,6
1,332;199,9;632,5
1,365;212,6;642,2
1,398;226,3;650,0
1,432;239,4;656,8
1,465;252,0;661,6
1,498;265,0;665,6
1,531;277,6;667,8
1,565;290,8;668,2
1,598;303,2;664,7
1,631;316,0;657,2
1,665;328,7;643,1
1,698;340,6;623,6
1,731;351,9;599,5
1,764;361,7;570,1
1,798;371,6;539,1
1,831;380,3;506,5
1,864;388,7;473,3
1,898;396,2;441,7
1,931;404,7;412,8
1,964;413,0;387,3
1,997;421,7;366,4
2,031;430,8;349,0
2,064;439,2;332,6
2,097;447,9;317,7
2,131;456,5;302,9
2,164;464,1;288,5
2,197;470,7;274,6
2,231;477,4;260,7
2,264;483,2;246,8
2,297;488,5;233,4
2,330;492,7;219,8
2,364;496,8;205,6
2,397;500,5;191,3
2,430;503,6;177,6
2,464;506,8;163,5
2,497;509,7;149,2
2,530;512,4;135,0
2,563;514,5;121,2
2,597;515,7;107,6
2,630;516,4;94,46
2,663;515,9;81,76
2,697;515,6;69,83
2,730;514,7;57,81
2,763;514,4;45,79
2,796;513,6;34,41
2,830;512,8;23,54
2,863;512,6;13,67
2,896;512,3;5,098
2,930;511,8;-1,991
2,963;511,1;-7,910
2,996;509,6;-19,27
3,030;508,8;-22,47
3,063;509,6;-11,21
3,096;506,7;-10,90
3,129;504,4;-9,863
3,163;505,6;-15,24
3,196;502,6;-15,28
3,229;489,4;-15,24
3,263;486,0;-12,22
3,296;482,0;-9,038
3,329;478,5;-4,774
3,362;474,1;0,305
3,396;470,8;6,312
3,429;467,2;12,03
3,462;477,4;21,01
3,496;474,5;27,71
3,529;471,1;34,61
3,562;468,6;41,53
3,595;465,8;49,20
3,629;463,3;57,22
3,662;461,1;65,98
3,695;459,5;75,45
3,729;459,6;86,05
3,762;459,7;98,76
3,795;462,5;111,3
3,828;466,2;124,5
3,862;471,9;138,5
3,895;478,6;151,3
3,928;486,7;165,1
3,962;497,5;166,0
3,995;508,7;177,8
4,028;521,0;189,2
4,062;534,5;199,8
4,095;549,5;210,6
4,128;564,8;221,2
4,161;581,4;231,0
4,195;597,5;240,0
4,228;614,7;248,2
4,261;632,0;255,5
4,295;649,1;261,7
4,328;666,4;266,3
4,361;683,5;269,2
4,394;700,5;270,7
4,428;716,9;270,7
4,461;733,4;269,5
4,494;749,3;266,9
4,528;765,4;263,1
4,561;781,3;258,5
4,594;796,6;253,1
4,627;811,8;246,8
4,661;826,2;239,2
4,694;840,3;230,8
4,727;853,9;221,4
4,761;866,7;211,3
4,794;878,4;200,9
4,827;889,4;189,3
4,861;898,9;177,5
4,894;906,4;165,6
4,927;904,3;158,0
4,960;916,4;141,8
4,994;919,4;128,1
5,027;924,5;113,7
5,060;925,2;101,2
5,094;924,1;89,25
5,127;921,2;78,05
5,160;917,3;68,10
5,193;911,6;59,15
5,227;905,1;52,04
5,260;898,4;45,82
5,293;884,2;45,18
5,327;877,0;40,47
5,360;872,1;37,12
5,393;865,8;35,78
5,426;852,0;37,12
5,460;843,9;37,53
5,493;835,8;37,12
5,526;830,3;39,30
5,560;824,3;42,08
5,593;818,8;45,25
5,626;814,0;49,34
5,660;809,9;54,11
5,693;803,6;61,29
5,726;800,4;66,25
5,759;798,3;71,12
5,793;794,9;76,58
5,826;793,4;82,00
5,859;795,6;93,51
5,893;795,6;101,6
5,926;795,7;109,3
5,959;799,6;109,6
5,992;801,8;117,7
6,026;803,5;126,5
6,059;807,1;135,2
6,092;811,0;144,2
6,126;819,7;149,9
6,159;825,8;159,0
6,192;833,0;167,9
6,225;841,6;176,7
6,259;850,8;185,8
6,292;860,5;195,4
6,325;871,1;204,3
6,359;882,3;213,0
6,392;895,0;221,3
6,425;908,0;229,4
6,459;921,6;236,8
6,492;935,6;244,3
6,525;949,7;251,6
6,558;964,3;257,8
6,592;979,0;264,0
6,625;994,4;269,3
6,658;1,009E3;274,2
6,692;1,025E3;278,7
6,725;1,040E3;282,1
6,758;1,055E3;285,1
6,791;1,070E3;287,4
6,825;1,085E3;289,4
6,858;1,098E3;290,1
6,891;1,113E3;290,3
6,925;1,126E3;289,5
6,958;1,139E3;288,1
6,991;1,151E3;285,4
7,024;1,164E3;281,7
7,058;1,175E3;276,6
7,091;1,185E3;270,9
7,124;1,193E3;264,7
7,158;1,200E3;257,2
7,191;1,207E3;248,9
7,224;1,206E3;238,5
7,257;1,210E3;229,3
7,291;1,212E3;220,4
7,324;1,213E3;210,7
7,357;1,212E3;199,9
7,391;1,211E3;187,5
7,424;1,208E3;174,9
7,457;1,205E3;162,1
7,491;1,200E3;149,1
7,524;1,194E3;135,7
7,557;1,187E3;122,7
7,590;1,178E3;109,6
7,624;1,167E3;96,81
7,657;1,153E3;84,31
7,690;1,139E3;72,08
7,724;1,122E3;61,24
7,757;1,102E3;50,85
7,790;1,081E3;41,79
7,823;1,060E3;33,20
7,857;1,038E3;25,18
7,890;1,015E3;17,79
7,923;995,9;10,25
7,957;978,0;2,077
7,990;962,8;-6,180
8,023;943,6;-12,99
8,056;926,9;-20,36
8,090;915,9;-29,87
8,123;903,1;-38,57
8,156;890,0;-45,54
8,190;878,8;-53,71
8,223;864,6;-61,44
8,256;851,0;-68,65
